23.9
25.32
24.09
25.29
24.47
25.4
33.18
32.74
36.86
38.11
38.66
38.35
45.57
45.48
43.75
54.34
53.74
51.15
28.68
29.23
29.48
78.63
73.39
70.25
86.07
98.77
83.41
108.52
100.75
101.66
145.57
139.19
137.97
62.28
64.61
58.89
247.39
222.43
211.05
217.6
166.21
171.93
59.67
38.49
65.94
218.85
134.16
3.28
14.42
5.41
37.01
188.16
21.6
155.49
131.1
183.14
28.55
217.38
10.64
22.78
34.45
22.68
28.01
48.48
27.5
31.82
56.4
32.94
35.82
58.67
42.36
42.1
67.34
50.57
52.33
77.13
52.46
33.86
49.27
33.45
68.72
98.65
69.34
83.24
111.57
93.05
103.78
132.67
97.59
140.4
166.7
132.56
57.35
84.24
64.17
231.11
276.99
233.11
178.44
228.46
174.54
49.74
72.53
163.01
77.98
256.79
7.71
4.39
20.14
30.02
53.06
269.61
241.76
217.43
178.92
13.01
38.7
