0.02
0.03
0.04
0.01
0.01
0
0.16
0.28
0.12
0.01
0
0
0.06
0.04
0.02
0.18
0.02
0.13
0
0.01
0.01
0
0
0
0.05
1.26
0
0.09
0.02
0.01
0.03
0.01
0
0.02
0.05
0.02
0
0.01
0
0.01
0
0
6.18
1.85
0.92
0.02
0.01
0
0
0.01
0.05
0.08
0.18
0.33
0
0
0
3.28
2.09
0.07
0
0.01
0
0.25
0.18
0.01
0.01
0.01
0.17
0.03
0.01
0.01
0.02
0.02
0.01
0.03
0.01
0
0.15
0.14
0.01
56.89
0.37
17.93
0.03
0.12
0.03
0.04
0.04
0.01
0.06
0.08
0.08
0.02
0.01
0.12
0
0.01
0.02
0
0.01
0.02
0.09
0.01
0.05
0.1
0.81
1.65
0
0
0.05
0
0.01
0
0.07
0.08
0.08
0.01
0
0.03
0.01
0.06
0.02
0.27
0.08
0.8
0.01
0
0
0.03
0
0.01
0
0.03
0.01
0.2
0.29
0.26
0
0.01
0
0
0
0
0.46
1.37
0.03
0.02
0
0.03
0.18
0.09
0.02
0.04
0.15
0.01
0.02
0.05
0.04
0.05
0.11
0.01
0
0
0.01
0.04
0.01
0.01
0.01
0.18
0.03
0.07
0.2
0.04
0
0
0
0.01
0.06
0.17
0.02
0.01
0.03
0.01
0.02
0.18
0.04
0.28
0.13
0.43
1.04
0.56
0.01
0.01
0.15
0.04
0.02
0.01
0.52
0.1
0
0.22
0
0.09
0.01
0.01
0.04
0
0
0
0.34
0.42
0.02
0.04
0.21
0.07
0.11
0.18
0.37
0.04
0.04
0.08
1.47
0.03
0.25
3.8
8.6
1.11
0.01
1.38
0.13
0.15
0.04
0.07
0.03
0.08
0.51
0.02
0
0.05
0.01
0
0.04
0.02
0.02
0.02
3.14
0.07
8.36
0.09
0.08
0.16
0.01
0.18
0.1
0.57
0.26
0.31
0.16
0.05
0.12
0.09
0.44
0.19
0.01
0.03
0.02
0.14
0.02
0.2
0.15
0.21
0.25
0.15
0.12
0.2
0.01
0
0
0.03
0.09
0.28
0.45
0.19
0.24
0.01
0.41
0.03
1.54
0.42
1.02
0.13
0.02
0.07
0.29
0.06
0.16
0.05
0.55
0.49
0.06
0.01
0.12
0.01
0
0.1
0.04
0.33
0.17
0.2
0.43
0.32
23.84
20.98
3.38
1.21
0.62
0.76
0.01
0.01
0.01
0.04
0.04
0.01
0.18
4.22
4.91
0.03
0
0
0.01
0.01
0.01
0.02
0.02
0.02
110.13
83.1
9.11
0.18
0.08
0
0
0.01
0
0.1
0.21
0.07
0.02
0.02
0.03
2.93
0.02
1.03
0.03
0.1
0.01
0.7
0.32
0.53
0.34
1.79
2.08
0.02
0
0.01
3.29
1.87
4.72
0.13
0.89
0.24
2.26
0.38
1.6
0.04
0.21
0.14
0
0.02
0.01
0.02
0.07
0.02
0.01
0.15
0.03
0.18
0.03
0.1
0.05
0.57
0.57
1.1
0.67
0.3
0.05
0.01
0
0.23
0.09
0.28
0.17
0.02
0.27
3.87
3.77
0.86
0.65
0.27
0.02
0.16
0.14
0.04
0.19
0.09
0.2
2.72
0.88
1.5
0.02
0.04
0.04
0.01
0.01
0.14
0.01
0.11
0
0.01
0.02
0.04
0.77
0.18
0.68
0.09
0.04
0.01
0.04
0.08
0.53
0.01
0.03
0.06
0.04
0.06
0.02
0.01
0
0.06
0.8
4.47
9.78
0.49
0.74
0.92
0.08
1.25
0.14
0.52
0.76
0.48
1.63
0.73
0.2
0.85
0.42
1.52
1.56
1.5
0.46
1.36
2.06
0.34
0.37
4.28
0.3
0.41
0.46
0.39
1.39
0.62
4.26
0.97
0.63
0.02
1.71
16.22
1.57
2.24
0.27
8.83
9.94
3.21
6.02
8.08
0.81
22.04
1.97
0.1
2.68
13.33
17.56
28.76
12.62
15.21
1.79
0.17
0.28
2.94
3.96
1.11
1.75
5.98
2.9
5.17
0.98
1.98
2.61
6.4
6.57
25.87
2.69
1.72
0.44
1.09
2.58
4.11
0.36
2.78
2.44
3.04
4.09
0.94
1.95
4.33
0.58
2.97
0.82
1.81
5.1
5.37
29.26
5.87
4.7
68.58
0.73
0.05
0.82
1.3
10.27
3.18
0.46
111.49
12.61
3.15
10.45
214.55
0.36
1.19
1.45
2.74
1.85
6.85
9.55
1.18
22.91
2
4.88
4.84
106.18
72.43
63.93
18.01
3.31
12.37
0.42
15.2
13.29
14.59
1.76
1.92
105.44
104.59
