9.13
8.89
8.99
9.92
9.84
9.85
11.06
11.28
11.36
12.56
13.25
11.26
14.44
14.09
14.61
17.21
18.36
17.17
18.1
22.5
21.48
25.04
25.66
26.25
29.38
27.55
27.37
44.3
42.45
43.84
64.74
58.74
56.4
119.15
103.97
110.39
0
0
0
0
0
0
0
0
0
0
0
0
0
0
0
0
0
0
0
0
0
1.78
0.17
0.06
60.05
67.43
88.71
1.2
7.06
280.58
0.42
18.24
10.56
1.33
0.36
1.42
1.42
27.5
1.5
10.33
139.89
0.27
7.02
31.41
6.43
46.94
126.67
53.26
0.49
0.06
0.14
25.24
7.13
12.41
10.3
13.37
11.23
11.24
16.11
12.33
12.75
15.48
11.62
13.95
17.12
14.57
16.96
19.47
16.51
17.82
20.68
17.61
24.22
21.67
23.01
26.19
25.85
26.16
31.51
29.99
32.74
40.32
43.96
42.77
54.07
60.02
49.81
92.23
111.26
89
0
0
0
0
0
0
0
0
0
0
0
0
0
0
0
0
0
0
0
0
0
0.12
2.32
0.27
83.37
75.04
8.86
106.96
1.4
13.03
0.6
22.67
1.67
1.72
0.5
1.4
1.86
34.24
0.36
13.11
176.26
8.16
8.94
39.62
67.69
59.27
161.75
0.24
0.64
0.05
15.89
31.77
9.02
