22.01
27.51
27.29
30.71
28.8
30.74
35.79
30.02
28.57
45.79
32.84
33.71
53.65
56.22
54.63
59.86
62.13
63.97
74.93
81.82
86.39
99.93
103.37
99.7
127.59
129.24
125.02
166.66
172.18
129.42
240.08
171.62
204.54
0
0
0
0
0
0
0
0
0
0
0
0
0
0
0
0
0
0
0
0
0
3.15
4.7
4.13
79.55
102.68
111.32
27.12
9.22
15.06
2.96
0.2
1.11
3.24
1.77
2.27
9.89
17.37
2.39
27.78
93.42
2.19
7.53
31.8
7.46
169.63
0.27
0.76
0.72
9.73
10.67
10.41
24.26
24.16
23.33
28.73
25.61
25.56
32.62
29.42
28.35
37.1
34.66
37.59
40.91
43.28
42.95
45.19
55.32
45.46
53.82
79.25
78.21
65.76
87.37
92.32
115.11
99.7
101.43
99.55
131.16
149.92
124.19
156.2
152.24
0
0
0
0
0
0
0
0
0
0
0
0
0
0
0
0
0
0
0
0
0
4.43
6.67
5.55
109.77
138.64
153.78
37.49
12.64
21.13
4.23
0.36
1.49
4.56
2.78
3.08
13.78
24.16
3.34
38.5
129.92
3.31
10.39
44.08
10.46
235.58
0.42
1.08
1.06
13.53
14.79
14.9
