8.65
8.72
8.69
8.65
8.78
10.44
10.9
10.48
11.51
11.68
11.78
14.17
14
12.75
16.34
15.7
15.9
20.91
18.93
18.43
25.16
26.09
23.78
30.82
30.8
31.2
39.44
44.71
42.23
71.16
59.28
62.11
127.61
156.54
175.98
0
0
0
0
0
0
0
0
0
0
0
0
0
0
0
0
0
0
0
0
0
1.12
0.99
8.35
110.56
140.18
184.73
3.36
57.5
26.18
2.46
4.41
0.8
0.48
0.48
0.27
10.6
5.29
0.73
84.69
10.43
21.97
56.15
4.69
18.26
77.26
53.32
0.67
1.06
1.34
66.43
1.38
2.82
9.72
10.26
10.01
10.8
10.72
10.79
11.54
12.34
11.71
12.94
13.16
12.93
15.16
15.3
15.13
19
18
17.06
21.35
22.11
19.94
25.66
25.66
24.48
32.31
32.6
33.76
40.08
43.86
39.28
64.42
51.52
53.57
100.6
134.32
155.25
0
0
0
0
0
0
0
0
0
0
0
0
0
0
0
0
0
0
0
0
0
1.32
1.2
10.29
137.48
170.7
225.48
4.29
70.27
32.3
3.07
5.45
1.04
0.52
0.66
0.34
13.2
6.72
0.86
105.16
13.04
27.39
71.1
5.88
23.28
97.95
66.81
0.84
1.35
1.83
83.86
1.89
3.61
