7.92
8.03
7.87
9.18
9.09
9.43
9.74
10.52
10.71
11.87
10.87
11.37
12.93
12.75
13.29
14.92
15.53
14.78
16.67
17.54
18.01
21.87
21.77
20.63
29.62
29.26
28.38
40.02
36.53
41.25
69.7
65.22
70.13
156.8
0
0
0
0
0
0
0
0
0
0
0
0
0
0
0
0
0
0
0
0
0
1.67
2.26
7.29
46.39
22.71
22.83
132.35
73.98
156.52
1.41
0.7
1.04
0.06
0.23
0.29
29.65
10.65
21.46
13.06
10.42
24.84
123.09
178.94
108.89
193.98
0.15
0.37
0.55
16.49
15.43
8.9
295.84
9.54
9.56
9.5
10.37
10.29
10.09
11.73
11.48
11.64
12.28
12.41
12.44
13.91
14.44
14.72
15.88
17.21
16.84
18.91
19.03
19.81
23.85
24.18
22.22
30.72
30.06
29.24
43.6
39.9
42.56
60.56
57.68
58.98
135.28
0
0
0
0
0
0
0
0
0
0
0
0
0
0
0
0
0
0
0
0
0
2.26
2.66
8.78
57.1
27.62
27.62
164.58
92.41
192.1
1.77
0.96
1.29
0.12
0.48
0.34
37.22
13.26
26.69
16.55
13.26
30.95
153.86
226.39
136.9
243.87
0.12
0.45
0.74
20.44
19.4
10.87
