8.28
8.07
8.05
8.42
8.27
8.41
9.72
9.23
9.3
10.12
10.05
12.53
12.18
13.01
13.69
15.36
13.68
14.08
17.03
18.41
18.51
22.25
20.43
20.55
26.45
25.86
27.55
39.07
42.01
38.31
110.84
68.76
83.04
0
0
0
0
0
0
0
0
0
0
0
0
0
0
0
0
0
0
0
0
0
10.12
11.57
3.27
37.35
228.3
244.08
35.45
9.32
21.82
0.12
3.19
7.53
0.72
0.88
0.88
2.22
4.31
2.49
4.48
139.58
54.18
27.37
28.52
104.64
21.93
67.46
0.66
0.43
0.77
2.57
36.77
27.6
9.13
9.15
9.07
10.45
9.33
9.82
10.72
10.66
10.81
11.76
11.25
11.5
13.27
13.37
14.71
15.66
16.2
15.35
19.18
18.75
20
23.67
22.46
21.23
27.89
26.83
29.83
38.01
43.8
34.57
88.92
60.47
81.34
0
0
0
0
0
0
0
0
0
0
0
0
0
0
0
0
0
0
0
0
0
12.24
14.04
3.91
46.31
278.31
44.15
11.56
27.15
0.19
4.16
9.33
0.92
1.15
1.07
2.65
5.55
3.22
5.9
174.31
67.89
34.56
35.42
130.52
27.8
86.06
0.86
0.54
0.96
3.36
46.21
35.94
