14.55
15.93
17.79
20.45
22.80
25.97
31.14
37.48
48.76
57.74
93.94
210.70
0.00
0.00
0.00
0.00
0.00
0.00
0.00
0.44
3.33
1.43
33.24
0.80
0.15
3.20
14.79
4.04
30.81
0.16
1.55
135.49
14.55
15.93
17.79
20.45
22.80
25.97
31.14
37.48
48.76
57.74
93.94
210.70
0.00
0.00
0.00
0.00
0.00
0.00
0.00
0.44
3.33
1.43
33.24
0.80
0.15
3.20
14.79
4.04
30.81
0.16
1.55
135.49
14.55
15.93
17.79
20.45
22.80
25.97
31.14
37.48
48.76
57.74
93.94
210.70
0.00
0.00
0.00
0.00
0.00
0.00
0.00
0.44
3.33
1.43
33.24
0.80
0.15
3.20
14.79
4.04
30.81
0.16
1.55
135.49


