12.65
12.77
12.63
14.02
14
13.82
15.68
14.1
15.62
16.08
17.73
18.61
21.04
21.58
21.42
25.36
24.92
23.97
26.63
27.37
26.92
32.95
38.5
40.39
45.23
44.24
44.37
55.45
60.69
57.89
91.67
91.22
84.27
167.2
132.15
153.71
0
0
0
0
0
0
0
0
0
0
0
0
0
0
0
0
0
0
0
0
0
9.66
0.44
2.59
104.33
184.28
9.85
128.07
33.79
4.16
2.12
11.45
2.02
0.52
0.7
29.21
9.73
12.67
38.06
223.38
107.62
26.21
87.68
68.12
61.35
0.26
0.4
0.36
10.71
8.08
11.32
146.02
14.44
13.77
13.89
14.9
14.87
15.08
17.44
17.43
17.2
19.11
16.65
19.41
21.9
22.38
22.24
26.22
25.41
27.53
25.52
31.76
32.52
35.18
35.49
37.1
50.87
48.68
47.37
61.09
63.2
62.58
85.31
87.65
84.03
155.68
138.99
174.92
0
0
0
0
0
0
0
0
0
0
0
0
0
0
0
0
0
0
0
0
0
13.63
0.59
3.61
146.16
261.31
13.7
175.45
46.88
5.75
2.97
15.89
2.92
0.76
0.97
41.79
13.41
17.61
54.58
150.23
36.14
121.74
97.23
85.39
0.33
0.47
0.38
14.95
11.29
15.46
201.69
