18.29
16.31
17.52
20.64
21.1
20.53
22.26
23.08
22.86
26.25
24.59
22.97
32.34
31.88
33.98
36.22
38.39
37.57
44.36
44.4
46.38
51.04
45.17
51.81
67.9
70.76
69.99
105.18
90.41
88.81
165.19
149.45
158.52
0
0
0
0
0
0
0
0
0
0
0
0
0
0
0
0
0
0
0
0
0
15.04
5.11
1.29
60.42
11.81
166.31
20.52
125.71
75.91
6.61
2.74
6.63
2.19
0.56
0.77
12.04
2.55
10.02
72.41
224.98
18.93
38.79
224.37
271.03
3.89
0.22
0.31
32.26
5.59
7.91
119.75
23.17
19.86
19.56
25.47
22.46
22.19
28.86
23.96
23.73
28.78
29.11
27.71
35.69
33.43
33.12
36.26
37.91
36.27
45.2
41.86
48.08
56.76
53.23
59.05
73.96
77.01
80.41
91.23
106.01
78.01
176.49
157.16
145.69
0
0
0
0
0
0
0
0
0
0
0
0
0
0
0
0
0
0
0
0
0
21.13
7.1
1.8
82.02
16.22
231.21
28.35
176.34
106.14
9.09
3.8
9.07
3.14
0.81
1.07
16.47
3.63
13.94
102.94
26.14
54.02
5.42
0.28
0.56
44.38
7.78
10.89
162.47
