7.08
6.69
8.01
6.66
7.04
7.49
7.98
7.16
7.33
8.02
7.83
9.83
9.2
9.02
9.05
10.12
10.29
10.58
11.89
12.46
11.18
17.76
14.89
14.23
19.8
19.19
23.34
29.55
39.93
32.66
163.42
80.91
64.34
230.68
149.11
98.22
52.47
24.79
131.61
211.23
257.7
29.53
205.11
248.43
201.86
11.37
72.91
28.44
223.75
5.6
6.69
3.17
136.47
32.77
62.94
2.64
23.83
70.1
31.28
0.69
3.91
3.95
3.77
4.2
4.12
3.98
4.34
4.08
4.33
4.57
4.55
4.54
5.87
5.33
5.37
5.95
6.14
6.04
6.8
7.69
6.47
8.88
8.1
7.7
11.5
10.83
13
14.66
19.15
16.69
104.57
242.9
54.9
78.32
280.46
180.83
119.4
64.32
30.26
160.78
258.8
37.51
259.18
258.79
14.37
93.13
36.41
285.82
7.11
8.99
3.98
177.25
42.78
79.22
3.3
30.94
90.8
40.43
0.8
