10.13
10.1
11.64
10.36
10.37
10.91
14.42
14.81
10.26
14.81
14.67
12.09
13.78
13.12
16.19
16.39
13.94
17.06
25.71
22.41
24.55
24.54
26.89
21.71
41.64
51.73
29.95
84.77
82.6
63.33
36.64
252.25
35.71
69.91
131.82
49.58
194.9
164
191.21
255.19
202.8
38.97
159.08
5.67
27
156.71
43.22
252.85
5.87
1.5
5.78
134.83
38.73
40.99
82.12
12.99
20.21
38.05
62.39
3.65
3.7
3.65
3.8
3.75
3.85
4.03
4.33
3.89
4.2
4.31
4.19
4.85
4.57
4.59
5.29
5.09
5.26
6.74
6.66
7.13
8.21
7.77
8.2
15.57
13.99
9.76
30.1
25.48
27.03
191.23
172.21
174.9
21.24
202.29
21.23
39.95
75.93
53.97
131.88
104.97
150.95
257.06
49.14
200.47
7.42
34.15
201.26
55.04
7.75
2.14
7.32
174.58
50.64
53.21
106.98
16.74
26.27
50.18
81.29
