17.26
14.26
161.05
8.23
7.91
6.84
4.68
77.69
11.06
10.94
4.13
4.97
17.08
7.83
31.29
4.28
22.72
35.62
211.15
10.25
42.5
2.27
6.16
8.26
90.54
4.19
187.29
114.93
7.15
11.32
20.77
67.01
0.66
13.74
19.53
6.08
11.22
11.03
43.34
46.41
10.92
13.38
5.78
7.98
22.74
15.01
141.01
55.8
135.06
46.56
38.93
2.84
8.57
12.88
2.29
10.59
3.59
7.56
1.82
1.63
2.97
15.1
31.86
1.08
1.45
11.2
25.95
12.4
1.7
0.51
2.1
3.97
10.57
3.65
9.74
1.21
117.11
24.25
12.02
3.95
13.84
0.27
2.58
7.69
6.37
20.64
5.09
3.19
32.61
55.68
81.74
15.84
79.08
4.99
13.12
7.68
16.81
53.98
8.15
56.64
230.88
17.78
7.7
68.18
4.7
21.49
7.43
0.13
1.9
11.5
43.86
57.51
0.48
12.15
12.89
9.61
8.34
3.23
31.48
1.23
18.51
49.89
1.97
15.15
62.83
32.59
279.39
47.36
265.11
183.17
10.59
80.36
14.57
20.79
55.93
9.01
34.56
1.53
53.79
135.27
10.16
90.19
43.2
43.51
12.3
10.38
116.83
6.04
5.76
5.01
3.26
57.15
7.97
7.92
3.01
3.64
12.5
5.69
22.6
3.14
16.4
267.36
26.07
154.68
7.38
31.07
1.74
4.48
6.06
65.9
2.95
135.87
83.66
5.11
8.17
14.94
49.17
0.38
9.92
14.19
4.42
8.15
8.01
31.48
33.84
7.96
9.67
4.22
5.78
16.45
10.97
103.02
40.58
97.75
33.84
28.49
2.04
6.29
9
1.4
7.51
2.43
5.5
1.32
1.16
2.13
11.1
23.31
0.69
1.01
8.02
18.51
9.06
1.27
0.38
1.45
2.8
7.67
2.64
7.11
0.92
85.73
17.62
8.76
2.69
9.86
0.26
1.94
5.49
4.68
15.21
3.75
2.3
23.48
40.46
59.18
11.55
57.33
3.47
9.47
5.49
12.13
39.63
5.96
41.16
167.34
12.9
5.58
48.92
3.32
15.62
5.35
0.09
1.35
8.25
31.99
41.76
0.4
8.88
9.21
6.89
6.21
2.47
22.89
0.82
13.36
35.84
1.43
10.76
46.01
242.23
23.46
203.09
34.41
191.56
133.01
7.62
58.86
10.47
15.12
40.97
6.48
25.37
1.06
39.36
97.56
7.38
65.24
31.24
31.81
