0.0909090909
0.0909090909
0
0.1666666667
0.1666666667
0.0769230769
0.0769230769
0.0714285714
0.0666666667
0.0625
0.0555555556
0.05
0.0384615385
0.0384615385
0
0.0384615385
0.0384615385
0.0882352941
0.0322580645
0.0322580645
0.0322580645
0.0322580645
0.0322580645
0
0.03125
0.0277777778
0.0256410256
0.023255814
0.0161290323
0.0273972603
0.0235294118
0.0117647059
0.023255814
0.0105263158
0.0093457944
0.0093457944
0.0183486239
0.0183486239
0.0555555556
0.016
0.008
0.0238095238
0.0294117647
0.0147058824
0.0197368421
0.0051282051
0.0149253731
0.0110701107
-0.1404494382

