43.97
39.22
34.63
47.83
43.81
43.52
62.85
53.2
48.35
68.21
59.97
60.53
74.03
63.33
61.89
92.04
89.63
77.1
52.73
49.05
44.55
118.04
103.5
101.49
134.87
132.26
130.13
186.56
173.99
153.31
243.28
225.19
195.22
120.05
91.15
101.09
265.76
267.66
237.78
204.78
199.12
147.01
205.2
53.46
5.02
10.23
37.01
53.44
107.43
129.33
44.14
79.74
40.29
25.82
88.11
23.17
19.86
19.56
25.47
22.46
22.19
28.86
23.96
23.73
28.78
29.11
27.71
35.69
33.43
33.12
36.26
37.91
36.27
45.2
41.86
48.08
56.76
53.23
59.05
73.96
77.01
80.41
91.23
106.01
78.01
176.49
157.16
145.69
0
0
0
0
0
0
0
0
0
0
0
0
0
0
0
0
0
0
0
0
0
21.13
7.1
1.8
82.02
16.22
231.21
28.35
176.34
106.14
9.09
3.8
9.07
3.14
0.81
1.07
16.47
3.63
13.94
102.94
26.14
54.02
5.42
0.28
0.56
44.38
7.78
10.89
162.47
4.98
5.04
5.03
5.23
5.15
5.33
6.13
5.81
6.2
6.29
6.24
6.47
7.5
6.87
6.92
8.31
8.73
8.37
11.78
9.54
10.86
14.91
16.8
15.9
30.12
29.24
20.85
103.58
131.72
36.5
44.42
9.72
117.76
68.06
57.78
13.51
234.85
224.62
56.35
208.91
183.33
4.14
165.96
54.18
120.91
132.46
124.4
15.04
88.46
0.66
1.54
3.69
20.21
39.27
41.24
19.03
7.82
14.06
11.8
7.93
