22.86
22.43
22.51
25.51
24.42
25.82
32.82
32.35
32.91
37.76
38.49
38.48
45.41
47.92
43.58
50.26
53.67
53.7
29.24
29.83
31.27
72.32
74.51
71.23
81.32
97.48
87.33
103.1
101.86
105.37
140.49
131.09
138.22
69.95
61.44
60.95
232.52
220.78
225.77
193.23
173.36
173.72
56.67
39.95
62.51
203.42
129.4
3.15
14.37
5.43
37.2
189.85
21.57
158.87
135.78
193.46
30.18
226.47
9.74
23.48
23.6
24.58
26.61
26.02
28.75
34.33
34.67
35.01
39.16
40.83
39.2
47.85
47.95
45.41
54.44
56.63
55.49
29.68
31.38
32.87
77.82
76.26
80.25
84.27
95.92
89.26
113.27
107.22
96.96
151.22
141.06
153.49
66.88
61.76
64.99
252.58
240.07
243.37
211
186.96
178.41
71.31
49.72
78.08
262.31
166.35
4.68
21.18
8.01
54.38
276.25
30.89
219.38
183.64
246.37
38.97
288.11
13.35
