0.8
4.47
9.78
0.49
0.74
0.92
0.08
1.25
0.14
0.52
0.76
0.48
1.63
0.73
0.2
0.85
0.42
1.52
1.56
1.5
0.46
1.36
2.06
0.34
0.37
4.28
0.3
0.41
0.46
0.39
1.39
0.62
4.26
0.97
0.63
0.02
1.71
16.22
1.57
2.24
0.27
8.83
9.94
3.21
6.02
8.08
0.81
22.04
1.97
0.1
2.68
13.33
17.56
28.76
12.62
15.21
1.79
0.17
0.28
2.94
3.96
1.11
1.75
5.98
2.9
5.17
0.98
1.98
2.61
6.4
6.57
25.87
2.69
1.72
0.44
1.09
2.58
4.11
0.36
2.78
2.44
3.04
4.09
0.94
1.95
4.33
0.58
2.97
0.82
1.81
5.1
5.37
29.26
5.87
4.7
68.58
0.73
0.05
0.82
1.3
10.27
3.18
0.46
111.49
12.61
3.15
10.45
214.55
0.36
1.19
1.45
2.74
1.85
6.85
9.55
1.18
22.91
2
4.88
4.84
106.18
72.43
63.93
18.01
3.31
12.37
0.42
15.2
13.29
14.59
1.76
1.92
105.44
104.59
