0.01
0.01
0.01
0.02
0.02
0.02
110.13
83.1
9.11
0.18
0.08
0
0
0.01
0
0.1
0.21
0.07
0.02
0.02
0.03
2.93
0.02
1.03
0.03
0.1
0.01
0.7
0.32
0.53
0.34
1.79
2.08
0.02
0
0.01
3.29
1.87
4.72
0.13
0.89
0.24
2.26
0.38
1.6
0.04
0.21
0.14
0
0.02
0.01
0.02
0.07
0.02
0.01
0.15
0.03
0.18
0.03
0.1
0.05
0.57
0.57
1.1
0.67
0.3
0.05
0.01
0
0.23
0.09
0.28
0.17
0.02
0.27
3.87
3.77
0.86
0.65
0.27
0.02
0.16
0.14
0.04
0.19
0.09
0.2
2.72
0.88
1.5
0.02
0.04
0.04
0.01
0.01
0.14
0.01
0.11
0
0.01
0.02
0.04
0.77
0.18
0.68
0.09
0.04
0.01
0.04
0.08
0.53
0.01
0.03
0.06
0.04
0.06
0.02
0.01
0
0.06
