3.99
3.98
3.99
4.31
4.17
4.18
4.5
4.71
4.48
4.81
5.15
4.87
5.78
5.68
5.61
7.09
6.8
6.74
8.13
8.78
9
10.64
10.9
10.57
16.68
16.3
13.07
38.62
33.48
23
120.65
47.65
51.89
118.45
228.77
147.31
97.43
6.76
211.71
86.03
133.84
72.3
236.61
137.36
231.8
47.46
94.16
79.71
118.72
94.02
191.32
202.38
184.99
0.45
69.13
15.66
6.47
4.42
3.77
69.03
87.37
0.15
29.6
3.56
17.89
4.41
4.11
4.61
4.69
4.37
4.63
4.29
4.98
4.63
4.91
5.49
5.27
5.63
5.99
5.49
6
6.58
6.18
7.78
8.17
7.57
8.02
8.86
8.65
10.83
11.93
13.42
21.86
26.49
25.1
52.85
85.32
43.26
145.01
281.72
8.37
181.61
119.84
164.97
261.43
106.79
298.95
91.64
177.41
118.7
292.08
61.42
102.93
152.02
119.63
233.61
243.6
259.11
0.56
88.33
5.67
20.48
8.51
5.15
0.2
90
113.83
23.05
38.37
4.56
