-0.9230769231
-0.1666666667
-0.1176470588
-0.1
-0.1
-0.0833333333
-0.0833333333
-0.0689655172
-0.0666666667
-0.0625
-0.0588235294
-0.0555555556
-0.04
-0.0384615385
-0.0384615385
-0.0333333333
-0.0322580645
-0.0322580645
-0.0322580645
-0.0285714286
-0.0241935484
-0.0238095238
-0.0238095238
-0.022556391
-0.0186915888
-0.0183486239
-0.0161290323
-0.0153256705
-0.0148148148
-0.0117647059
-0.0112359551
-0.0102564103
-0.0093457944
-0.0093457944
-0.0084985836
-0.0080645161
-0.0066666667
0
0
0
0
0
0
0
0
0
0
0
0
0
0
0
0
0
0
0.02
0.0322580645

