9.17
5.79
19.9
1.42
0.21
1.74
4.79
2.99
0.43
0.41
0.95
0.02
0.15
3.66
3.08
0.5
2.65
0.64
0.1
3.29
5.22
5.38
0.41
4.95
0.26
1.62
2.66
0.25
0.16
0.33
0.46
1.74
0.72
1.83
0.04
0.22
7.14
13.75
8.48
5.5
1.29
10.3
11.4
5.96
8.96
1.95
20.64
9.27
0.64
1.64
3.99
30.82
31.56
11.82
1.47
3.18
7.14
2.57
0.23
3.4
0.65
1.98
7.36
2.67
2.54
3.65
9.25
0.13
4.25
1.4
7.27
6.57
3.16
8.12
3.56
5.92
2.49
7.67
3.09
1.2
0.06
0.48
1.11
2.51
0.56
6.55
2.82
1.56
3.81
0.87
4.72
39.55
36.58
8.97
1.03
2.5
0.17
2.69
2.01
5.16
3.06
4.33
11.87
10.3
43.85
28.42
62.41
25.03
1.63
4.02
4.85
13.4
1.02
2.84
6.66
16.45
9.24
0.68
1.96
3.24
117.23
13.36
30.36
8.31
39.2
49.81
3.35
17.16
6.74
11.19
16.27
8.83
247.51
174.69
