26.51
25.64
25.97
31.94
30.5
29.32
38.79
40.95
38.46
44.36
48.59
45.9
55.86
61.36
52.59
66.58
63.97
60.15
35
34.31
35.16
102.96
93.14
88.44
105.83
108.14
107.01
144.85
142
134.25
178.92
172.03
188.32
76.72
82.32
82.27
243.99
229.2
252.39
252.03
101.79
92.4
217.31
9.85
47.75
56.68
55.35
73.07
48.72
48.37
48.15
14.49
35.98
56.74
15.45
37.28
27.9
28.72
27.25
32.7
33.83
30.13
41.44
42.81
40.03
46.52
47.13
47.55
61.25
58.37
56.37
69.68
69.99
67.46
36.64
37.31
37.92
99.94
97.88
93.24
108.96
113.01
110.2
145.98
154.72
139.88
198.29
196.36
191.98
81.46
84.14
82.84
257.65
240.35
266.73
121.16
118.97
266.66
14.64
70.3
81.37
77.56
103.9
70.04
65.54
66.98
19.77
50.27
79.36
21.89
48.64
