26.5
26.4
25.93
30.31
30.12
29.21
39.24
38.68
39.22
43.49
43.98
42.28
53.88
51.86
52.57
65.39
63.55
64.54
34.78
35.5
33.94
99.41
87.56
101.26
118.12
121.91
127.64
135.6
151.97
138.5
187.36
166.31
195.23
84.35
76.74
80.48
234.02
203.99
231.64
103.15
142.46
125.87
248.27
28.89
19.72
3.5
34.75
110.18
23.1
33.32
13.02
276.25
104.92
13.94
27.12
52.75
28.11
27.78
27.68
32.09
32.92
31.43
42.66
41.08
39.71
45.24
45.23
43.68
54.43
51.26
55.35
65.11
67.91
64.4
37.16
38.88
35.55
88.59
84.98
91.07
108.63
115.17
120.78
136.67
148.23
133.37
176.63
172.83
180.34
78.68
78.42
76.84
245.11
234.92
251.04
124.75
178.04
149.18
37.26
28.68
5.07
50.62
153.42
31.46
47.17
18.2
142.01
19.71
36.49
73.18
