12.57
18.08
19.52
21.55
27.88
28.04
40.45
42.59
60.19
78.01
111.24
213.20
0.00
0.00
0.00
0.00
0.00
0.00
0.00
0.44
17.67
4.67
82.27
0.17
0.28
2.26
5.95
3.92
7.91
0.04
1.73
118.76
196.60
12.57
18.08
19.52
21.55
27.88
28.04
40.45
42.59
60.19
78.01
111.24
213.20
0.00
0.00
0.00
0.00
0.00
0.00
0.00
0.44
17.67
4.67
82.27
0.17
0.28
2.26
5.95
3.92
7.91
0.04
1.73
118.76
196.60
12.57
18.08
19.52
21.55
27.88
28.04
40.45
42.59
60.19
78.01
111.24
213.20
0.00
0.00
0.00
0.00
0.00
0.00
0.00
0.44
17.67
4.67
82.27
0.17
0.28
2.26
5.95
3.92
7.91
0.04
1.73
118.76
196.60

