13.60
14.71
16.30
19.02
21.28
24.61
27.95
32.53
39.32
51.71
75.05
160.02
0.00
0.00
0.00
0.00
0.00
0.00
0.00
3.94
79.13
13.28
3.25
0.73
1.25
78.80
35.96
12.25
0.55
10.62
13.60
14.71
16.30
19.02
21.28
24.61
27.95
32.53
39.32
51.71
75.05
160.02
0.00
0.00
0.00
0.00
0.00
0.00
0.00
3.94
79.13
13.28
3.25
0.73
1.25
78.80
35.96
12.25
0.55
10.62
13.60
14.71
16.30
19.02
21.28
24.61
27.95
32.53
39.32
51.71
75.05
160.02
0.00
0.00
0.00
0.00
0.00
0.00
0.00
3.94
79.13
13.28
3.25
0.73
1.25
78.80
35.96
12.25
0.55
10.62


