30.82
33.11
45.31
51.16
52.69
67.78
39.59
92.11
111.43
134.61
179.31
74.03
297.16
222
87.57
162.81
29.21
233.62
50.76
5.58
29.7
32.93
44.99
48.85
55.21
67.9
40.23
92.41
104.21
143.03
181.39
80.25
289.78
225.07
176.73
229.87
29.02
7.61
50.67
123.77
212.12
54.36
31.03
34.99
44.29
49.32
56.01
63.5
38.04
93.9
102.57
141.99
176.73
76.58
241.32
211.85
251.31
13.11
79.36
81.22
53.23
12.97
13.93
15.51
16.8
20.14
24.51
28.61
37.27
43.74
63.05
81.13
147.43
0
0
0
0
0
0
0
2.93
144.77
0.62
2.15
2.42
17.85
11.97
82.39
0.81
44.02
12.75
13.28
16.3
17.39
20.35
24.68
30.71
37.14
44.45
60.45
76.83
138.57
0
0
0
0
0
0
0
0.36
98.33
1.95
29.64
0.69
46.61
240.06
51.91
221.95
0.1
12.44
12.61
14.51
17.13
17.06
20.49
23.78
31.69
36.6
44.11
62.62
77.3
153.26
0
0
0
0
0
0
0
0.1
109.87
11.84
17.05
2.3
2.1
0.52
10.95
93.37
0.35
21.75
4.6
4.81
4.57
4.83
5.65
6.31
7.01
8.59
12.82
26.79
83.56
124.14
165.28
239.65
264.82
133.68
223.08
17.22
4.18
75.99
32.55
4.53
4.77
4.9
5.64
5.7
6.15
7.51
8.43
13.41
22.67
35.72
246.88
107.77
97.01
81.56
54.11
109.18
233.39
7.08
96.78
3.93
4.64
5.11
4.8
5
5.48
6.14
7.57
8.25
11.37
17.09
40.6
7.38
151.57
273.31
158.81
107.56
89.7
213.3
0.5
80.83
4.45
0.21
19.03
