0.04
0.03
0.05
0.16
0.01
0.01
0.1
0.07
0.26
0.01
0
0.01
0.12
0.03
0
0.01
0.01
0.03
0.02
0
0
0
0
0
4.54
1.51
2.27
0.11
0.02
0.02
0.01
0.01
0.04
0.09
0.03
0.01
0
0
0
0
0.01
0
9.25
1.52
0.97
0
0.01
0.12
0
0
0.02
0.02
0.27
0.04
0
0.01
0.01
0.36
0.27
0.28
0
0.01
0
0.54
0.07
0.13
0.38
0.02
0.01
0.01
0
0.03
0.01
0.03
0.02
0.02
0.01
0.05
0.18
0.34
0.04
3.68
1.89
9.87
0.12
0
0.02
0.01
0.01
0.02
0.04
0.35
0.12
0.03
0.2
0.03
0
0.02
0.02
0
0
0
0.02
0.02
0.31
0.62
1.08
0.41
0.01
0.01
0.02
0.03
0
0.01
0.3
0.23
0.01
0.01
0
0
0.02
0.02
0.02
0.14
0.5
0.02
0.02
0.06
0.03
0.03
0.01
0.01
0
0.05
0.02
0
0.05
0.11
0
0
0
0
0
0
7.51
5.15
0.01
0.01
0.02
0.11
0.2
0.05
0.23
0.16
0.02
0.01
0.03
0.03
0.04
0.13
0.02
0
0
0
0.01
0.02
0
0.06
0.01
0.03
0
0.1
0.03
0.01
0
0
0
0.25
1.36
0.54
0
0
0.04
0.01
0.09
0.16
0.12
0.04
0.04
2.93
4.19
7.24
0.19
0.17
0.34
0.05
0
0.02
0.76
1.29
0.14
0.08
0.08
0.02
0.04
0.01
0.01
0
0
0.02
0.01
0.11
0.21
0.08
0.04
0.06
0.1
0.02
0.19
0.01
0.08
0
1.3
0.11
0.22
4.01
0.82
0.35
0.36
0.64
0.13
0.01
0
0.04
0.08
0.04
0.15
0.02
0.11
0.02
0
0.01
0.02
0.01
0.39
0.04
4.76
9.07
6.28
0.12
0.13
0.39
0.12
0.19
0.08
0.24
0.14
0.43
0.22
0.04
0.34
0.2
0.07
0.07
0.02
0
0.01
0.01
0.03
0.13
0.01
0.02
0.02
0.04
0.31
0.09
0.01
0.01
0.01
0.23
0.09
0.58
0.39
0.35
0.33
0.07
0.06
0.01
0.34
0.22
1.81
0.06
0.39
0.37
0.07
0.05
0.26
0.02
0.9
0.41
0.01
0.03
0.02
0.01
0.04
0.01
0.24
0.17
0.19
0.31
0.26
0.95
16.3
21.78
50.92
0.65
0.77
0.29
0.01
0.01
0.01
0.01
0.01
0.01
0.27
0.24
1.37
0.01
0.01
0.01
0.01
0.01
0.02
0.03
0.05
0.06
6.51
66.52
62.3
0.3
0.47
0.23
0.01
0.02
0
0.1
0
0.01
0.01
0.07
0.16
0.28
0.15
0.56
0.01
0.07
0.06
0.46
0.3
0.18
1.1
0.55
1.89
0.02
0.09
0.03
0.89
17.05
7.09
0.37
0.32
0.69
0.8
3.04
0.87
0.06
0.07
0.03
0
0.02
0.07
0.18
0.07
0.03
0.44
0.02
0.03
0.08
0.02
0.04
3.06
0.08
0.75
1.24
0.09
1.36
0.04
0.14
0.01
0.26
0.06
0.16
0.27
0.16
1.06
1.81
0.17
4.91
0.02
0.21
0.25
0.44
0.07
0.1
0.44
0.31
0.45
0.66
2.21
1.72
0.02
0.04
0.05
0.03
0.08
0.19
0.17
0.01
0.05
0.02
0.03
0.01
0.28
0.42
0.75
0.06
0.01
0.01
0.18
1.77
1.75
0.04
0.01
0.08
0.01
0
0.05
0.01
0.01
0.01
9.17
5.79
19.9
1.42
0.21
1.74
4.79
2.99
0.43
0.41
0.95
0.02
0.15
3.66
3.08
0.5
2.65
0.64
0.1
3.29
5.22
5.38
0.41
4.95
0.26
1.62
2.66
0.25
0.16
0.33
0.46
1.74
0.72
1.83
0.04
0.22
7.14
13.75
8.48
5.5
1.29
10.3
11.4
5.96
8.96
1.95
20.64
9.27
0.64
1.64
3.99
30.82
31.56
11.82
1.47
3.18
7.14
2.57
0.23
3.4
0.65
1.98
7.36
2.67
2.54
3.65
9.25
0.13
4.25
1.4
7.27
6.57
3.16
8.12
3.56
5.92
2.49
7.67
3.09
1.2
0.06
0.48
1.11
2.51
0.56
6.55
2.82
1.56
3.81
0.87
4.72
39.55
36.58
8.97
1.03
2.5
0.17
2.69
2.01
5.16
3.06
4.33
11.87
10.3
43.85
28.42
62.41
25.03
1.63
4.02
4.85
13.4
1.02
2.84
6.66
16.45
9.24
0.68
1.96
3.24
117.23
13.36
30.36
8.31
39.2
49.81
3.35
17.16
6.74
11.19
16.27
8.83
247.51
174.69
