0.01
0.01
0.02
0.03
0.05
0.06
6.51
66.52
62.3
0.3
0.47
0.23
0.01
0.02
0
0.1
0
0.01
0.01
0.07
0.16
0.28
0.15
0.56
0.01
0.07
0.06
0.46
0.3
0.18
1.1
0.55
1.89
0.02
0.09
0.03
0.89
17.05
7.09
0.37
0.32
0.69
0.8
3.04
0.87
0.06
0.07
0.03
0
0.02
0.07
0.18
0.07
0.03
0.44
0.02
0.03
0.08
0.02
0.04
3.06
0.08
0.75
1.24
0.09
1.36
0.04
0.14
0.01
0.26
0.06
0.16
0.27
0.16
1.06
1.81
0.17
4.91
0.02
0.21
0.25
0.44
0.07
0.1
0.44
0.31
0.45
0.66
2.21
1.72
0.02
0.04
0.05
0.03
0.08
0.19
0.17
0.01
0.05
0.02
0.03
0.01
0.28
0.42
0.75
0.06
0.01
0.01
0.18
1.77
1.75
0.04
0.01
0.08
0.01
0
0.05
0.01
0.01
0.01
