3.94
3.84
3.85
4.16
4.04
4.02
4.64
4.47
4.39
4.78
4.88
4.6
5.45
5.11
5.28
6.19
6.59
6.19
7.48
7.68
7.33
9.32
9.62
9.31
13.89
13.13
15.15
33.47
25.72
33.57
227.34
88.14
154.58
177.81
6.1
66.22
258.81
170.69
112.75
73.81
16.21
196.51
53.86
194.91
217.61
65.96
123.86
184.83
103.78
0.47
1.23
0.56
142
28.5
69.95
26.17
35.59
8.07
92.94
14.49
4.47
3.92
3.71
4.63
4.19
4.21
4.48
4.29
4.11
4.36
4.36
4.24
4.93
4.77
4.78
5.38
5.69
5.55
6.83
6.96
6.33
8.53
8.55
8.14
11.44
10.98
11.21
24.14
19.88
24.55
149.95
61.49
191.34
219.11
7.55
81.52
209.79
139.79
90.51
20.17
244.77
67.2
241.73
272.55
84.67
160.8
239.95
138.23
0.81
1.75
0.88
205.31
40.78
101.13
37.59
50.91
11.72
134.58
21.07
