3.76
3.77
3.72
4.12
4.53
4.07
4.52
4.41
4.4
4.63
4.82
4.81
5.47
5.29
5.17
6.03
6.4
6.29
7.58
7.91
7.77
9.3
9.39
8.32
12.51
15.46
13.04
35.12
26.06
23.55
159.44
11.51
96.08
154.91
198.03
3.03
68.02
210.28
37.08
81.74
199.15
135.53
174.64
2.33
109.58
42.76
128.65
84.34
142.65
1.58
0.51
0.62
78.13
33.18
220.52
2.27
6.18
5.91
26.71
35.2
78.97
4.38
4.34
3.85
4.34
4.21
3.85
4.32
4.05
4.39
4.59
4.54
4.57
5.42
4.88
4.55
5.49
5.47
5.67
6.55
6.89
6.95
7.39
9.16
7.89
9.36
11.38
8.94
27.25
18.03
15.95
114.2
287.38
14.14
118.69
189.58
244.02
4.08
82.44
257.99
52.34
106.77
281.77
172.28
242.68
3.57
155.53
59.19
178.22
117.69
200.16
2.22
0.78
0.82
113.82
48.15
3.39
9.03
8.43
38.52
50.89
114.38
