4.06
4.06
4.4
3.96
4.15
4.11
4.33
4.31
4.23
5.29
4.76
4.76
5.31
5.31
5.29
6.19
6.78
6.24
7.37
7.81
7.34
8.83
9.45
10.61
11.83
14.84
15.85
23.06
30.06
26.82
288.39
154.29
49.34
82.3
155.92
240.06
59.74
10.28
35.72
176.42
115.96
59.25
291.02
292.43
159.26
216.74
123.02
19.42
108.8
261.34
39.11
119.99
194.75
1.99
0.8
0.03
3.62
54.07
144.18
7.51
1.1
14.61
30.23
4.34
71.14
4.36
4.33
4.25
4.63
4.69
5.14
4.49
3.99
4.06
4.54
4.46
4.4
4.93
4.73
4.78
6.1
5.71
6.54
7.7
7.52
7.36
8.19
8.68
9.51
10.91
12.38
12.73
19.29
25.13
23.2
215.92
119.39
61.53
100.75
190.77
294.73
72.86
12.45
43.61
216.46
144.18
73.45
197
270.14
151.35
24.79
141.09
54.77
159.43
264.55
2.9
1.26
0.05
5.26
78.14
209.32
10.81
1.64
20.97
43.6
6.38
102.66
