6.04
6.6
7.17
7.59
6.83
8.54
7.44
7.52
8.14
7.76
9.16
8.41
9.77
9.25
9.17
11.2
11.07
11
11.64
12.62
14.99
14.97
14.21
13.71
19.73
18.76
16.12
45.21
45.68
28.81
137.67
57.62
60.72
120.45
229.34
148.21
98.21
7.01
214.47
86.6
134.63
72.24
237.02
138.16
230.11
47.45
93.46
79.69
119.15
93.38
196.62
202.2
184.43
0.45
69.07
15.69
6.43
4.58
3.72
69.13
87.5
0.15
29.51
3.56
17.9
4
3.84
4.01
4.19
4.09
4.11
4.35
4.41
4.35
4.63
4.71
4.87
5.36
5.33
5.46
5.92
6.19
5.96
6.25
6.8
7.88
7.99
8.54
8.19
12.14
11.29
9.91
26.78
23.35
16.79
78.32
36.68
55.2
145.15
283.96
180.88
121.24
8.34
259.66
105.65
167.72
90.95
298.2
176.87
295.1
60.82
120.28
102.07
152.07
119.81
245.09
258.37
235.1
0.56
88.37
20.42
8.36
5.66
4.91
89.65
113.88
0.41
38.32
4.55
23.04
