47.47
34.35
34.89
48.07
39.1
39.99
68.85
52.85
48.7
65.89
60.02
54.48
76.77
63.26
65.59
85.29
80.16
73.7
55.1
46.46
44.98
119.69
105.45
102.25
134.35
126.21
119.69
185.34
177.55
166.85
231.38
215.45
189.73
113.95
92.53
91.31
273.6
262.15
251.33
167.96
238.4
151.45
146.18
104.39
141.24
36.67
3.48
7.12
26.08
37.67
76.4
90.44
30.82
54.98
28.03
17.93
61.23
43.97
39.22
34.63
47.83
43.81
43.52
62.85
53.2
48.35
68.21
59.97
60.53
74.03
63.33
61.89
92.04
89.63
77.1
52.73
49.05
44.55
118.04
103.5
101.49
134.87
132.26
130.13
186.56
173.99
153.31
243.28
225.19
195.22
120.05
91.15
101.09
265.76
267.66
237.78
204.78
199.12
147.01
205.2
53.46
5.02
10.23
37.01
53.44
107.43
129.33
44.14
79.74
40.29
25.82
88.11
