36.96
33.28
33.64
39.8
39.66
37.34
48.8
48.4
52.17
61.74
58.74
55.6
64.83
67.43
67.24
84.91
77.17
78.19
42.85
41.08
42.24
110.82
113.35
106.86
132.16
122.16
127.24
163.54
169.93
165.48
222.61
199.23
226.07
86.88
92.06
88.59
281.07
245.17
279.75
134.04
103.91
62.15
72.15
13.16
32.54
11.6
34.08
126.9
136.06
84.33
113.91
88.19
102.34
9.35
10.91
32.13
33.84
36.16
34.94
38.84
39.97
54.67
46.75
45.75
58.86
59.11
52.24
64.73
69.44
61.28
78.83
78.64
78.89
46.23
42.67
40.7
105.59
109.15
105.06
130.37
135.62
119.25
169.43
148.91
161.88
215.43
191.1
190.6
93.01
91.01
85.5
279.33
244.42
256.89
158.46
136.48
78.72
89.08
19.67
47.28
16.99
49.71
184.92
194.66
112.52
167.84
124.34
142.12
12.93
15.33
