29.08
28.86
29.21
36.45
31.46
33.37
45.28
45.79
43.57
54.96
48.07
48.96
63.59
57.68
63.35
79.22
71.42
70.89
42.18
37.53
39.93
101.75
103.2
92.17
138.29
122.74
111.98
161.52
142.3
142.56
222.2
194.16
178.05
84.34
88.52
79.17
239.15
252.79
249.81
159.55
63.28
31.32
128.37
13.91
9.06
23.13
114.52
60.17
5.71
189.85
292.1
70.01
64.46
49.81
16.26
32.39
30.96
30.73
33.9
33.51
34.66
42.73
42.26
46.19
50.72
50.57
48.49
57.3
58.04
58.19
68.66
71.69
71.14
38.54
38.84
40.12
105.27
93.01
88.29
130.35
116.92
104.7
157.82
139.29
126.08
202.86
186.2
170.29
86.96
82.46
77.14
254.18
259.19
252.32
203.79
78.04
40.19
167.14
20.36
13.18
34.01
163.79
87.98
8.19
252.87
92.31
91.55
68.79
22.61
