26.69
25.48
26.44
29.48
32.33
28.73
44.86
40.82
44.7
46.07
44.36
46.13
55.62
56.19
51.48
68.38
67.58
63.94
38.28
38.52
34.35
88.6
88.56
94
115.92
105.72
104.21
144.24
127.27
133.94
201.49
182.25
170.7
79.84
75.01
83.26
221.65
251.53
234.75
36.27
68.57
98.27
135.99
133.32
160.15
24.67
4.14
24.01
31.26
48.57
21.29
48.47
80.95
20.84
20.18
82.4
221.54
25.32
28.22
27.49
26.72
29.44
31.52
30.69
43.77
42.1
42.35
48.95
47.49
47.78
55.82
61.17
54.64
70.71
72.67
67.07
37.45
36.62
37.23
91.43
90.03
91.73
113.27
111.18
110.96
146.28
133.11
139.73
194.87
187.8
170.05
84.95
79.1
75.23
298.99
256.19
227.02
251.74
43.94
83.07
121.45
169.3
164.45
212.16
35.88
6.04
34.65
45.29
70.6
30.72
62.61
109.96
27.96
26.29
100.66
271.36
32.03
