21.13
22.17
23.28
25.93
22.39
23.52
34.04
31.43
30.86
34.17
33.29
33.27
38.79
38.48
42.47
48.51
46.24
47.3
29.55
26.33
26.69
61.47
66.48
65.23
82.91
75.75
78.99
91.02
89.18
89.96
137.67
121.53
129.23
52.16
59.51
61.89
230.12
212.43
227.9
150.07
159.98
161.45
277.77
154.62
126.36
4.23
7.8
12.87
224.07
24.34
47.25
265.98
27.33
156.72
114.29
61.35
23.52
21.5
21.47
24.39
24.46
23.81
32.21
33.18
30.78
35.37
35.01
35.27
41.62
40.79
41.83
49.24
49.96
51.43
28.57
28.86
29.1
65.86
70.46
68.71
79.21
78.31
78.91
97.3
93.9
92.44
134.01
130.71
129.72
56.84
57.61
58.09
231.13
220.88
226.13
163.94
171.61
154.16
202.51
152.12
6.07
11.19
18.48
34.54
65.91
36.76
208.6
153.49
76.2
