-0.2
-0.0909090909
-0.1
-0.0909090909
-0.1666666667
-0.1666666667
-0.1666666667
-0.0769230769
-0.0714285714
-0.1333333333
-0.125
-0.0625
-0.1176470588
-0.1111111111
-0.1764705882
-0.1
-0.0769230769
-0.12
-0.04
-0.0769230769
-0.0769230769
-0.1212121212
-0.2068965517
-0.0333333333
-0.0333333333
0
-0.0333333333
-0.0967741935
-0.0967741935
-0.0322580645
-0.0833333333
-0.05
0
0.02
-0.1147540984
-0.0153846154
-0.0714285714
0
-0.1071428571
-0.0823529412
-0.1071428571
-0.0520833333
-0.0841121495
-0.0841121495
-0.0654205607
-0.0825688073
-0.1290322581
-0.064516129
-0.0806451613
-1.0307692308
-0.0740740741
-0.045112782
-0.06
-0.0615384615
-0.0421455939
-0.063670412

