10.33
11.77
11.51
13.15
13.34
12.57
15.47
13.2
14.5
15.21
15.77
15.83
15.91
17.6
17.66
20.79
19.57
18.87
24.96
22.66
22.98
27.35
26.77
27.05
29.54
31.38
30.94
40.55
47.19
41.11
53.99
65.38
48.35
112.09
97.82
89.21
221.23
0
0
0
0
0
0
0
0
0
0
0
0
0
0
0
0
0
0
0
0
0
2.99
5.31
3.56
20.15
67.66
99.08
28.2
9.76
46.3
0.43
1.76
1.3
1.78
2.77
0.57
6.82
5.66
6.91
200.92
56.09
31.95
79.98
43.9
53.44
106.26
244.13
235.02
1.68
0.14
1.58
14.67
34.48
41.47
8.67
9.14
9.11
10.12
9.89
10.21
9.56
10.29
11.24
11.56
11.74
12.3
13.53
14.26
14.42
15.18
15.68
15.23
18.25
17.93
17.71
25.47
21.45
21.3
26.24
26.73
25.77
35.02
39.66
34.6
64.79
56
59.38
0
0
0
0
0
0
0
0
0
0
0
0
0
0
0
0
0
0
0
0
0
12.3
0.61
3.9
116.88
230.02
3.73
86.63
85.47
10.65
3.79
9.95
5.61
2.69
1.34
9.74
1.56
20.92
15.95
86.28
249.04
9.65
35.23
54.97
198.98
94.67
261.21
0.56
1.44
0.35
53.26
0.54
27.27
