63.26
58.11
54.3
63.89
62.98
63.41
85.12
78.78
77.97
90.25
96.5
92.86
103.18
103.43
101.77
127.36
118.26
118.76
73.67
70.26
77.69
167.76
163.63
157.58
201.26
183.33
180.97
272.93
250.62
213.94
285.99
277.2
262.17
150.97
148.97
129.2
26.47
6.59
3.71
40.95
156.3
24.26
24.16
23.33
28.73
25.61
25.56
32.62
29.42
28.35
37.1
34.66
37.59
40.91
43.28
42.95
45.19
55.32
45.46
53.82
79.25
78.21
65.76
87.37
92.32
115.11
99.7
101.43
99.55
131.16
149.92
124.19
156.2
152.24
0
0
0
0
0
0
0
0
0
0
0
0
0
0
0
0
0
0
0
0
0
4.43
6.67
5.55
109.77
138.64
153.78
37.49
12.64
21.13
4.23
0.36
1.49
4.56
2.78
3.08
13.78
24.16
3.34
38.5
129.92
3.31
10.39
44.08
10.46
235.58
0.42
1.08
1.06
13.53
14.79
14.9
5.32
6.49
5.37
6.47
5.87
7.19
8.18
8.88
8.07
11.57
10.48
7.96
12.96
13.82
13.84
16.93
13.52
15.49
24.36
25.63
23.87
43.16
54.55
51.07
139.6
101.97
253.29
205.85
49.82
13.84
22.36
159.8
217.14
210.8
13.76
141.4
5.17
39.61
81.06
272.58
45.95
6.35
2
4.64
0.25
230.52
34.12
53.78
6.23
59.8
63.61
8.39
14.93
3.73
