9.16
9.74
9.68
9.88
9.92
9.95
11.28
11.26
10.87
11.65
14.16
12.75
14.27
14.24
14.33
18.15
18.45
16.26
21.79
23.36
22.07
23.25
22.55
26.33
33.3
33.23
32.5
43.59
44.65
45.71
60.1
56.83
57.91
107.61
95.76
102.63
0
0
0
0
0
0
0
0
0
0
0
0
0
0
0
0
0
0
0
0
0
1.76
0.19
0.09
60.59
67.86
86.42
1.08
7.05
278.21
0.39
18.21
10.49
1.32
24.97
0.41
1.35
1.48
27.28
1.15
10.38
139.81
0.31
7.11
31.53
6.41
46.95
126.14
53.08
0.43
0.06
0.13
7.09
12.55
10.39
9.79
10.29
11.3
11.29
11.36
12.41
12.57
12.76
13.69
13.92
13.61
15.33
15.76
16.83
18.47
20.56
18.35
22.54
22.53
22
24.68
25.15
25.55
30.27
28.91
29.49
39.52
37.55
38.48
55.78
53.55
48.48
90.64
85.05
86.05
0
0
0
0
0
0
0
0
0
0
0
0
0
0
0
0
0
0
0
0
0
2.21
0.26
0.13
73.6
83.5
108.14
1.35
8.8
0.54
22.86
13
1.68
0.51
1.74
1.9
34.11
1.53
13.19
176.96
0.43
8.84
39.47
8.05
59.68
160.19
67.35
0.63
0.08
0.23
32.26
9.2
15.76
