17.13
16.18
17.13
17.52
20.16
19.93
21.77
23.22
23.57
26.64
26.03
25.46
27.8
28.77
32.72
32.52
34.06
41.06
43.01
43.77
42.88
51.92
52.02
63.86
79.5
78.64
80.52
100.96
106.06
105.56
146.76
146.59
136.99
250.58
0
0
0
0
0
0
0
0
0
0
0
0
0
0
0
0
0
0
0
0
0
2.09
0.24
2.9
58.95
29.01
41.99
3.48
2.29
42.49
25.87
9.52
3.04
20.21
3.3
1.28
276.95
0.56
39.85
6.4
5.83
145.96
230.59
14.27
64.66
71.07
163.75
10.42
0.53
0.72
1.21
2.97
24.58
21.98
17.13
17.28
19.18
21.65
20.69
19.06
24.69
22.13
23.89
29.16
29.93
27.86
31.8
31.54
31.92
35.9
37.35
42.48
40.86
49.56
43.41
53.89
58.35
50.85
73.17
72.27
64.42
92.48
85.34
93.2
137.6
134.33
158.48
260.51
286.42
0
0
0
0
0
0
0
0
0
0
0
0
0
0
0
0
0
0
0
0
0
3.01
0.34
3.95
81.29
41.17
57.95
4.85
3.15
59.96
35.32
13.28
4.24
28.23
4.85
1.81
0.79
55.94
9.19
8.11
203.64
20
90.06
99.47
226.27
14.48
0.74
0.92
1.76
4.18
34.63
30.18
