9.34
9.49
9.14
9.39
9.52
9.83
11.44
11.98
11.76
12.05
12.49
12.81
14.29
15
14.61
18.39
17.03
17.96
21.05
18.59
19.35
25.83
24.6
25.23
35.1
32.53
33.87
41.77
40.43
42.76
59.54
62.77
56.65
126.13
100.04
105
218.74
0
0
0
0
0
0
0
0
0
0
0
0
0
0
0
0
0
0
0
0
0
2.32
1.95
2.89
123.94
197.25
21.76
32.85
61.39
0.41
6.64
0.16
7.17
14.29
1.74
3.92
9.2
12.49
1.39
60.96
17.79
75.27
9.35
98.69
14.42
233.17
41.07
0.69
0.34
0.66
12.95
55.26
228.51
126.45
10.51
10.72
10.51
11.48
11.91
11.21
12.43
11.47
12.98
13.17
14.61
15.07
16
17.11
16.96
19.31
18.94
18.56
22.62
19.86
22.7
24.4
26.86
26.31
34.51
33.29
34.36
39.36
44.7
42.82
53.74
59.18
52.95
92.96
75.07
98.2
191.4
0
0
0
0
0
0
0
0
0
0
0
0
0
0
0
0
0
0
0
0
0
2.76
2.42
3.48
150.42
240.91
27.19
40.68
75.17
0.54
8.31
0.2
8.92
2.22
4.78
11.26
15.44
1.74
74.91
22.23
94.6
11.5
124.45
18.31
291.64
51.49
0.9
0.39
0.84
15.96
17.77
69.13
293.45
164.15
