8.16
8.17
7.46
9.06
9.33
9.38
9.69
10.72
9.79
11.47
11.29
11.42
12.1
12.19
12.29
14.27
14.41
13.8
15.82
16.45
16.25
20.3
21.62
21
27.25
28.39
26.55
42.24
44.22
34.49
84.96
67.37
110.6
0
0
0
0
0
0
0
0
0
0
0
0
0
0
0
0
0
0
0
0
0
4.56
6.32
1.83
176.25
161.79
157.68
74.14
5.19
54.77
0.31
8.54
8.31
0.06
0.67
4
4.79
166.9
0.06
0.85
75.68
51.22
59.52
2.87
17.76
108.98
117.08
17.97
0.13
2.09
0.59
1.99
5.01
7.41
28.66
236.46
9.27
9.48
9.3
9.73
9.8
9.74
10.3
10.45
10.86
11.72
11.63
11.63
14.29
13.1
13.68
15.59
15.85
16.38
19.31
15.48
18.85
23.58
21.87
21.8
24.88
25.24
28.43
36.16
37.52
31.64
68.81
55.72
89.82
0
0
0
0
0
0
0
0
0
0
0
0
0
0
0
0
0
0
0
0
0
5.74
7.69
2.31
214.99
201.95
191.6
90.49
6.39
68.23
0.41
10.78
10.51
0.12
0.94
5.01
5.92
0.09
0.95
92.97
64.02
74.69
3.57
22.28
137.41
147.57
22.92
0.2
2.68
0.81
2.47
6.19
9.22
36.72
214.83
292.82
