7.82
7.77
7.77
8.8
8.95
9.24
10.15
9.76
10.36
11.18
11.01
10.91
12.22
12.33
12.26
14.33
13.88
14.51
16.31
16.35
17.04
21.68
20.71
19.42
28.55
26.2
29
37.98
40.96
39.57
97.64
78.47
70.93
0
0
0
0
0
0
0
0
0
0
0
0
0
0
0
0
0
0
0
0
0
4.19
0.4
5.1
50.36
22.94
0.54
10.77
49.36
6.26
16.56
0.08
2.56
0.89
0.71
1.57
4.91
122.04
0.11
21.78
22.66
5.22
47.98
22.59
140.86
137.52
283.77
191.61
0.51
0.67
0.16
2.39
3.39
22.94
209.53
9.3
8.89
9.31
9.27
9.86
10.1
9.9
10.49
11
11.52
11.54
11.41
12.89
14.75
13.36
15.52
15.99
15.54
19.3
19.64
18.68
21.29
22.38
22.5
30.76
26.97
30.57
39.3
43.02
35.75
89.25
71.69
64.65
0
0
0
0
0
0
0
0
0
0
0
0
0
0
0
0
0
0
0
0
0
5.1
0.48
6.27
61.9
27.53
0.86
13.29
60.05
7.73
20.75
0.08
3.2
1.16
0.96
1.93
6.19
0.13
27.24
28.61
6.77
60.68
28.43
175.37
170.82
236.87
0.54
0.88
0.27
3.19
4.21
28.21
266.82
156
