19.67
20.12
20.38
24.69
22.04
23.01
29.36
29.34
32.34
33.62
31.68
33.46
37.39
38.83
37.62
47.08
46.36
44.71
26.42
26.2
25.27
61.99
58.52
64.46
76.14
79.21
69.04
88.27
92.98
86.29
118.11
129.52
118.08
55.31
59.02
52.6
231.37
221.25
201.24
145.64
150.71
150.59
50.26
45.92
11.97
15.34
5.04
16.78
24.86
142.92
290.16
75.31
18.31
21.26
21.8
21.4
23.8
23.14
23.66
30.17
29.8
30.57
34.75
33.06
34.2
37.87
41.02
40.34
46.04
49.06
48.06
27.42
26.67
26.4
61.99
60.6
65.47
76.49
75.5
74.01
92.82
92.91
92.16
122.56
125.26
124.08
51.67
56.54
55.08
223.8
219.03
206.63
147.7
152.39
155.9
69.81
60.5
16.92
22.48
7.6
23.24
30.95
178.95
101.19
22.7
