7.79
4.97
22.56
10.72
2.44
3.46
1.4
4.13
1.19
1.63
2.99
7.97
7.29
6.04
19.75
2.88
4.35
4.9
3
3.57
2.81
4.27
3.27
3.54
5.93
10.1
11.99
38.49
31.24
10.18
5.47
6.38
4.93
32.25
27.59
11.38
12.77
6.91
7.85
8.19
9.06
10.21
24.36
15.09
14.23
3.93
1.72
2.18
21.56
16.07
5.27
59.19
211.94
78.05
12.45
8.4
16.97
47.79
18.97
19.37
34.14
22.75
18.53
35.84
41.62
21.65
11.36
11.34
11.43
18.77
44.14
52.31
19.94
11.6
13.8
29.51
17.42
25.18
15.3
9.46
8.33
1.95
6.64
4.34
57.08
29.68
62.99
18.54
18.65
17.3
33.74
13.8
41.83
8.3
12.67
6.14
14.42
16.07
14.6
4.35
5.05
3.36
10.49
8.72
13.74
28.7
17.52
7.35
6.19
16.63
4.98
5.6
7.12
10.98
9.63
25.38
11.51
14.27
12.69
17.14
27.34
17.59
47.66
36.33
13.64
19.65
21.39
32.96
13.63
25.92
12.61
12.32
30.91
33.87
56.88
7.5
5.43
8.4
3.3
3.6
4.87
16.69
8.62
15.1
16.32
9.12
15.64
4.46
5.8
6.72
0.08
0.7
0.44
0.35
1.73
0.74
0.75
0.23
0.53
0.54
0.31
3.17
4.06
3.74
4.54
1.28
0.88
0.72
4.3
3.26
2.12
0.18
0.4
0.39
0.2
0.53
0.1
0.77
1.03
3.47
0.64
1.08
0.33
0.29
1.38
0.63
1.32
7.18
2.53
0.62
2.51
0.56
285.27
195.04
43.44
0.67
0.45
0.28
2.77
2.98
5.04
0.7
0.53
0.86
12.93
9.7
13.83
4
5.89
5.74
2.57
1.26
0.75
2.9
3.3
1.1
11.99
12.62
5.23
1.48
2.95
0.96
4.23
3.25
2.68
2.71
12.25
5.25
1.76
1.71
3.34
38.39
3.95
32.74
2.17
1.97
3.86
6.03
45.66
66.19
6.74
2.67
4.23
10.12
6.11
16.7
1.37
1.86
5.47
81.06
74.14
17.11
6.03
7.22
6.67
3.11
3.8
6.09
3.39
4.3
1.73
2.98
3.3
0.76
26.44
6
6.59
1.62
4.92
3.28
5.4
3.5
16.4
7.93
1.54
2.53
0.96
2.97
0.87
1.26
2.08
5.68
5.39
3.93
14.4
2.1
3.29
3.77
2.12
2.58
2.06
3.2
2.19
2.49
4.34
7.29
8.52
28.37
22.43
7.4
3.66
4.66
3.49
23.41
20.38
8.4
9.34
5.15
5.69
6.2
6.6
7.42
17.76
11.48
10.49
3
1.23
1.6
15.31
11.85
3.62
44.14
159.75
58.76
9.21
6.11
12.64
35.43
14.15
14.28
25.23
17.22
14.05
26.68
30.95
16.02
8.29
8.51
8.74
13.69
33.07
38.44
14.97
8.49
10.14
21.47
13.23
18.47
11.28
6.96
6.08
1.39
4.21
3.06
42.25
22.11
47.07
13.62
13.89
13.18
24.86
10.27
31.61
6.28
9.55
4.45
10.47
11.8
10.57
3.03
3.69
2.48
7.94
6.4
10.29
21.71
12.9
5.26
4.69
12.25
3.74
4.11
5.06
8.26
7.4
19.21
9
10.59
9.75
12.77
20.47
13.29
36.08
27.55
10.74
15.05
16.66
25.62
10.85
20.33
9.72
9.38
23.93
25.98
43.11
5.64
4.11
6.46
2.51
2.78
3.75
12.85
6.71
11.32
12.65
7.1
11.74
3.48
4.42
5.09
0.05
0.51
0.29
0.17
1.29
0.45
0.56
0.16
0.44
0.35
0.21
2.26
2.87
2.67
3.36
0.97
0.6
0.56
3.07
2.3
1.55
0.09
0.24
0.28
0.12
0.34
0.05
0.56
0.72
2.53
0.47
0.81
0.21
0.23
1
0.46
0.92
5.09
1.68
0.52
1.82
0.35
206.38
141.88
31.3
0.49
0.31
0.19
1.98
2.14
3.6
0.43
0.29
0.64
9.29
6.99
9.94
2.92
4.29
4.26
1.89
0.88
0.55
1.97
2.3
0.76
8.66
8.85
3.86
1.06
2.1
0.69
3.07
2.36
1.83
1.95
8.91
3.81
1.29
1.25
2.43
27.63
2.91
23.47
1.57
1.42
2.71
4.23
32.72
47.73
4.69
1.83
3
7.34
4.46
12.04
1.03
1.41
3.97
58.27
53.5
12.39
4.36
5.11
4.8
2.3
2.9
4.43
2.44
2.92
1.32
2.13
2.41
0.53
19.08
4.39
4.77
1.18
3.54
2.33
