23.68
22.32
20.16
22.93
22.76
22.83
35
31.22
30.47
33.58
32.48
32.81
38.65
37.69
38.8
45.19
45.1
46.02
26.82
26.7
28.6
64.6
72.34
64.4
80.43
73.9
76.27
103.4
92.14
91.29
130.48
129.81
125.78
53.53
61.38
54.53
221.59
226.27
219.88
154.83
158.58
164.99
102.21
187.22
6.94
11.38
36.27
135.41
61.18
52.73
225.44
169.97
42.3
240.99
189.35
149.21
22.36
22.99
20.84
24.88
23.53
25.53
29.8
31.65
31.75
35.91
35.48
35.97
41.16
41.73
41.18
47.39
47.54
49.89
27.52
27.51
29.03
64.65
70.28
70.34
78.8
80.87
81.06
95
98.21
97.23
137.62
129.31
125.29
54.29
58.69
59.05
206.61
225.68
221.32
166.09
174.97
169.44
126.78
220.93
10.29
16.43
51.67
189.1
86.09
72.84
234
53.71
253.9
200.74
