4.98
5.04
5.03
5.23
5.15
5.33
6.13
5.81
6.2
6.29
6.24
6.47
7.5
6.87
6.92
8.31
8.73
8.37
11.78
9.54
10.86
14.91
16.8
15.9
30.12
29.24
20.85
103.58
131.72
36.5
44.42
9.72
117.76
68.06
57.78
13.51
234.85
224.62
56.35
208.91
183.33
4.14
165.96
54.18
120.91
132.46
124.4
15.04
88.46
0.66
1.54
3.69
20.21
39.27
41.24
19.03
7.82
14.06
11.8
7.93
67.41
5.46
5.72
47.35
5.79
5.75
26.73
6.46
6.37
7.47
6.32
7.08
7.73
8.04
7.79
8.45
9.63
9.28
12.8
10.57
11.7
14.85
16.79
15.86
29.21
32.12
20.2
290.66
140.6
180.85
48.98
59.05
13.16
155.93
91.81
78.77
18.53
76.87
283.71
250.35
5.91
231.41
75.88
165.93
181.22
169.29
20.67
121.46
0.97
2.06
5.12
27.47
53.86
56.14
26.18
10.79
19.11
16.31
10.91
