12.87
13.66
15.95
17.71
19.43
21.56
25.55
30.40
35.97
46.11
64.45
126.01
0.00
0.00
0.00
0.00
0.00
0.00
0.00
2.19
92.76
1.17
0.08
0.71
19.11
34.84
5.14
41.66
0.23
1.22
12.87
13.66
15.95
17.71
19.43
21.56
25.55
30.40
35.97
46.11
64.45
126.01
0.00
0.00
0.00
0.00
0.00
0.00
0.00
2.19
92.76
1.17
0.08
0.71
19.11
34.84
5.14
41.66
0.23
1.22
12.87
13.66
15.95
17.71
19.43
21.56
25.55
30.40
35.97
46.11
64.45
126.01
0.00
0.00
0.00
0.00
0.00
0.00
0.00
2.19
92.76
1.17
0.08
0.71
19.11
34.84
5.14
41.66
0.23
1.22


