4.13
4.07
4.08
4.28
4.81
4.29
4.54
4.55
4.59
4.95
4.85
4.93
5.43
5.18
5.1
5.81
5.62
5.88
6.41
6.89
6.66
7.9
8.37
7.8
9.31
10.2
11.29
15.67
16.03
14.92
40.71
66.79
36.32
231.14
127.81
61.22
46.23
11.06
9.42
28.04
1.01
169.99
40.07
28.79
6.76
273.03
98.26
7.25
165.51
0.58
10.39
0.57
72.27
41.37
5.46
0.61
9.8
5.71
7.19
10
4.82
4.83
4.84
4.75
5.11
4.97
5.31
5.25
5.27
5.66
5.46
5.72
6.27
6.3
5.88
6.46
6.3
6.48
7.08
7.18
6.98
9.01
8.63
8.61
10.1
10.74
10.87
16.14
16.75
15.62
39.69
56.66
38.89
169.23
82.18
61.63
15.07
12.47
37.54
1.45
229.33
55.01
39.18
9.3
133.82
9.96
231.1
0.9
14.01
1.14
99.89
56.83
7.33
0.88
13.44
7.78
9.71
13.77
