3.83
3.81
3.89
4.27
4.13
4.16
4.49
4.51
4.41
4.75
5.03
5
5.66
5.64
5.47
6.51
6.54
6.43
8.05
7.77
7.79
12.21
11.75
10.91
13.78
13.95
13.5
25.92
21.57
26.87
101.9
97.78
118.56
31.53
150.55
98.91
52.17
129.49
29.29
28.98
107.57
238.07
137.33
106.49
115.29
279.29
1.77
2.61
0.28
136.08
179.39
51.85
11.46
2.19
4.65
52.56
32
4.37
4.28
3.97
4.65
4.09
4.19
4.67
4.53
4.8
5.01
5.11
5.33
6.1
6
5
6.96
5.96
5.69
7.11
7.87
6.64
8.61
8.75
8.04
9.98
10.46
10.17
18.14
14.79
18.14
247.73
81.81
83.91
143.91
38.46
183.47
119.99
63.87
156.97
35.91
35.41
133.14
293.04
170.6
133.33
146.03
2.31
3.39
0.4
176.61
232.28
67.64
14.92
2.9
6.21
67.69
41.3
