4.92
4.83
4.74
5.23
5.07
4.93
5.56
5.65
5.71
5.96
6.21
6.08
7.67
6.91
7.14
8.67
9.98
8.97
11.08
10.85
13.42
16.51
16.86
15.96
27.19
23.05
35.32
103.75
20.29
16.84
9.85
9.84
116.79
68.76
58.59
49.29
99.14
177.41
95.39
32.46
151.36
280.42
133.83
33.13
113.96
272.14
18.32
136.19
5.51
0.68
2.01
44.29
5.11
272.84
31.62
14.97
10.89
1.78
32.65
6.13
6.5
5.1
5.58
6.39
6.43
5.53
6.1
6.1
7.71
7.18
7.45
6.83
8.77
8.1
8.19
10.06
10.99
9.42
11.26
10.17
11.9
14.29
16.99
13.58
24.24
19.57
30.66
140.03
27.32
22.37
13.07
12.97
156.66
92.85
80.13
66.09
137.67
244.46
133.98
44.88
207.21
182.35
45.95
156.35
25.84
189.03
7.72
1.06
2.62
60.2
7.32
43.23
20.29
15
2.53
44.4
8.36
