5.32
6.49
5.37
6.47
5.87
7.19
8.18
8.88
8.07
11.57
10.48
7.96
12.96
13.82
13.84
16.93
13.52
15.49
24.36
25.63
23.87
43.16
54.55
51.07
139.6
101.97
253.29
205.85
49.82
13.84
22.36
159.8
217.14
210.8
13.76
141.4
5.17
39.61
81.06
272.58
45.95
6.35
2
4.64
0.25
230.52
34.12
53.78
6.23
59.8
63.61
8.39
14.93
3.73
4.99
4.84
4.91
5.4
5.37
5.57
6.2
5.64
5.7
8.34
8.72
7.93
9.69
8.45
9.06
9.84
10.36
10.24
13.76
13.79
13.43
32.43
32.5
27.45
58.9
59.84
111.44
228.45
275.99
66.87
18.92
30.06
213.79
290.19
282.77
18.24
188.39
6.94
52.17
107.98
62.85
8.45
2.67
6.25
0.32
45.58
71.81
8.55
79.53
84.92
11.2
19.67
4.99
