3.85
3.89
3.83
4.09
4.07
4.1
4.53
4.27
4.34
4.68
4.88
5.17
5.45
5.21
5.81
6.38
6.25
6.11
7.38
7.45
7.84
11.23
11.34
9.23
12.49
11.57
14.02
26
27.81
30.42
106.11
49.47
185.61
62.15
271.85
35.1
69.77
1.13
14.7
246.26
99.7
235.36
14.88
36.6
57.99
43.67
6.73
2.58
5.03
126.54
172.22
5.25
2.42
19.91
57.27
33.77
52.42
3.81
3.8
3.97
4.19
4.17
4.25
4.95
4.45
5.31
4.87
5.05
5.34
4.83
4.8
5.18
5.5
5.43
5.25
6.63
6.77
6.87
8.48
8.28
7.28
10.15
9.05
10.6
19.96
20.76
23.23
73.64
60.68
226.86
76.2
42.92
85.82
1.42
18.2
123.09
290.43
18.46
45.92
74.12
55.83
8.8
3.39
6.21
163.51
224.19
6.79
3.12
26.05
74.27
43.79
67.62
