3.88
3.91
3.84
4.25
4.25
4.19
4.4
4.47
4.47
5.05
4.9
5.07
5.75
5.38
5.37
6.25
6.48
6.37
8.56
8.97
9.18
10.59
10.07
10.54
15.54
16.81
16.51
23.98
22.77
27.43
97.81
116.85
155.7
230.99
238.23
136.44
19.58
180.3
31.33
92.66
5.14
138.78
35.07
180.53
102.84
47.59
43.34
47.06
224.68
239.93
3.72
3.04
2.38
184.3
50.95
87.71
8.9
4.27
6.63
4.16
18.17
3.91
4.03
3.98
4.05
4.05
3.97
4.25
4.44
4.48
4.56
4.55
4.58
5.8
5.07
4.8
5.63
5.59
5.7
6.77
6.97
6.94
8.16
7.95
7.98
12.31
13.78
12.45
20.52
20.68
26.02
70.5
87.34
113.14
283.79
291.78
164.7
23.94
219.9
37.63
112.97
6.04
178.3
45.14
232.36
132.99
60.77
55.22
60.2
286.55
4.69
4.03
3.3
238.73
66.41
113.53
11.47
5.65
8.59
5.41
23.59
