105.07
241.1
10.07
8.98
3.22
2.94
82.34
121.2
78.91
3.24
5.35
9.93
30.54
5.72
4.23
30.66
48.74
46.51
15.52
4.87
12.91
6.3
2.25
12.37
26.28
209.72
55.75
8.33
6.07
120.56
36.13
27.55
43.9
3.59
9.87
38.41
16.14
11.57
13.85
15.03
13.79
10.28
7.69
5.86
53.4
10.79
81.01
24.64
28.94
80.89
34.95
12.24
43.17
4.02
4.38
4.39
0.67
1.05
5.32
11.61
6.79
4.25
4.66
6.34
7.87
20.12
2.34
2.09
6.05
17.14
2.31
3.62
0.82
8.61
15.19
26.94
3.75
10.26
9.53
3.13
27.2
5.82
14.38
3.72
9.67
12.85
164.66
39.13
5.84
1.67
24.6
75.23
150.5
0.38
27.42
64.72
14.07
49.54
131.38
239.09
4.13
32.87
92.32
5.95
2.24
1.88
33.4
1.24
6.53
1.56
12.71
22.88
19.4
9.77
23.93
7.41
18.86
56.81
16.08
173.31
64.21
180.41
189.06
65.41
59.21
17.48
21.71
67.06
29.37
17.87
62.35
17.25
28.38
6.39
100.22
45.15
11.75
58.04
83.44
34.07
76.82
177.74
7.49
6.6
2.32
2.15
60.26
87
57.61
2.33
3.85
7.15
22.47
4.04
3.09
22.3
35.18
33.44
11.17
218.76
3.44
242.64
9.47
4.56
1.58
8.98
18.79
273.58
150.75
40.5
6.02
4.45
86.27
26.01
19.67
32.13
2.55
7.23
28.25
11.39
8.25
10.13
10.93
10.03
7.4
5.51
4.35
38.81
7.54
58.61
17.58
21
59.76
24.87
8.64
31.52
2.87
3.14
3.23
0.5
0.67
3.89
8.65
5
3.09
3.27
4.5
5.66
14.53
1.75
1.49
4.38
12.43
1.49
2.65
0.57
6.36
11
19.84
2.69
7.62
7.02
2.22
19.91
4.17
10.53
2.84
7.04
9.33
118.71
28.19
4.34
1.24
17.57
55.19
109.87
0.19
20.14
46.76
10.2
35.25
96.01
173.64
2.89
24.08
66.62
4.24
1.68
1.37
23.83
0.91
4.85
1.12
9.45
16.67
14.08
7.16
17.59
5.48
13.55
40.97
11.57
123.89
45.67
128.83
135.14
47.51
41.91
12.64
15.63
49.02
21.19
12.7
44.92
12.48
20.67
4.47
73.21
31.88
8.65
41.72
59.76
24.31
