10.49
21.35
8.38
47.7
9.83
9.53
2.42
4.65
8.43
4.79
1.79
9.09
9.36
134.97
40.44
5.58
4.8
4.15
3.01
12.48
80.36
2.83
2.33
4.86
3.14
3.38
24.9
249.45
55.46
5.41
11.75
12.74
60.38
176.26
86.26
150.27
15.71
20.92
13.47
89.76
150.85
4.51
22.32
3.56
7.84
19.82
22.47
101.55
13.31
109.86
36.13
139.47
46.94
122.91
125.6
81.55
16.75
194.94
37.34
21.82
248.43
127.28
248.06
71.28
54.48
7.44
48.26
8.61
2.03
2.48
286.98
27.55
21.9
8.31
56.72
16.02
114.73
18.81
6.68
3.28
4.42
18.17
19.33
30.61
22.32
100.37
9.82
279.88
20.43
5.42
21.22
59.94
48.25
12.43
25.4
25.64
13.86
52.72
9.08
89.93
43.91
15.15
9.5
26
110.78
16.35
161.47
153.49
11.63
82.95
23.63
6.27
6.58
4.65
23.95
18.34
26.02
68.1
46.8
24.75
5.4
50.07
0.3
0.19
0.09
0.54
1.3
0.6
0.25
0.13
0.22
0.18
0.76
0.65
1.4
1.99
2.43
0.67
0.42
0.38
0.58
0.89
0.34
0.08
0.03
0.11
1.51
0.93
1.36
0.22
1.61
1.48
0.48
0.71
0.94
4.03
1.88
0.51
2.63
0.82
3.06
1.6
0.62
8.54
85.36
126.67
21.38
0.64
0.47
0.32
9.87
11.49
7.7
0.28
0.44
0.18
6.61
5.15
13.1
2.41
5.58
3.16
2.44
2.45
5.67
2.69
0.77
0.75
19.13
14.24
30.39
1.87
2.81
2.15
5.53
6.26
1.87
15.17
50.73
43.37
21.17
2.03
43.35
47.11
61.06
5.57
0.65
8.13
110.7
76.9
26.78
3.99
27.06
4.54
2.48
9.41
1.74
1.15
5.97
297.22
47.74
4.12
289.62
19.7
17
1.19
3.35
4.06
4.2
8.33
7.47
12.43
1.73
37.26
87.55
2.88
41.94
4.37
7.49
15.63
6.27
35.32
7.01
6.72
1.54
3.27
5.85
3.54
1.34
6.71
6.98
100.82
28.9
3.21
3.7
3.17
2.14
9.28
59.95
2.31
1.84
3.4
2.32
2.43
18.28
182.67
40.75
3.92
8.73
9.31
44.58
131.22
64.47
111.17
11.66
15.46
9.9
66.37
222.52
113.82
3.04
16.69
2.63
5.69
14.97
15.97
74.81
9.82
82.08
26.91
103.82
35.44
95.17
95.09
284.24
276.6
61.18
12.51
146.73
27.42
15.81
188.25
95.67
188.64
54.28
40.23
5.52
35.7
6.24
1.54
1.83
253.62
219.68
20.42
16.81
6.55
43.05
11.7
83.69
14.14
4.97
2.46
3.26
13.4
14.3
22.49
16.83
74.19
7.01
210.44
15.59
4.09
15.95
44.5
36.78
9.58
18.75
19.88
10.51
39.98
6.92
68.84
33.36
11.71
255.24
246.33
7.24
19.98
86.92
12.44
120.29
115.47
8.92
63.13
17.88
4.84
4.93
3.58
18.24
13.86
19.96
50.36
35.13
18.77
4.23
38.42
0.2
0.07
0.06
0.4
0.93
0.41
0.13
0.06
0.12
0.13
0.58
0.43
1.02
1.51
1.75
0.5
0.35
0.3
0.37
0.7
0.37
0.05
0.02
0.1
1.05
0.69
1
0.13
1.33
1.16
0.37
0.45
0.6
3.02
1.4
0.33
1.94
0.64
2.06
1.04
0.47
6.26
63.48
94.08
15.83
0.41
0.42
0.35
7.19
8.49
5.86
0.24
0.3
0.13
4.86
3.86
9.53
1.58
4.07
2.37
1.82
1.74
4.2
2.14
0.53
0.52
13.86
10.52
22.64
1.2
2.13
1.55
4.04
4.71
1.33
11.23
37.87
32.62
15.33
1.58
31.82
35.04
45.25
4.08
0.33
5.83
81.36
55.64
19.39
2.93
20.04
3.37
1.58
6.75
1.24
0.96
4.38
220.24
35.38
2.94
213.4
14.58
12.78
0.74
2.44
2.95
3.01
6.05
5.65
9.27
1.2
27.06
268.37
63.61
2.14
30.96
3.15
