8.24
8.33
8.36
9.55
9.62
9.64
10.99
11.21
10.95
12.8
12.34
11.41
13.14
13.27
12.73
17.52
16.32
16.13
20.22
20.36
20.98
24.95
25.68
26.63
32.59
32.03
29.39
39.87
39.66
42.62
54.94
60.75
59.49
97.61
91.24
105.5
0
0
0
0
0
0
0
0
0
0
0
0
0
0
0
0
0
0
0
0
0
7.13
1.01
9.09
5.64
10.46
37.84
41.89
128.15
0.41
0.15
8.96
1.04
1.89
2.81
13.86
30.98
11.2
88.77
180.66
267.85
136.69
54.07
48.09
263.08
95.46
47.92
0.19
0.62
0.44
12.29
44.52
105.22
90
10.36
10.26
10.24
10.7
10.92
10.88
12.34
12.4
12.29
13.73
13.81
13.8
14.72
15.09
14.42
18.8
17.88
17.82
21.78
21.39
20.38
26.72
22.92
25.04
31.52
30.8
28.98
40.55
39.77
41.27
47.98
49.97
49.09
95.39
82.5
91.76
0
0
0
0
0
0
0
0
0
0
0
0
0
0
0
0
0
0
0
0
0
8.72
1.2
11.04
7.07
12.8
46.35
52.17
154.93
0.57
0.2
11
1.42
2.57
3.46
17.46
38.85
14.22
110.95
225.98
171.68
67.09
59.9
121.02
61.8
0.31
0.76
0.64
15.67
56.56
132.17
111.7
