3.93
3.86
3.98
4.11
4.15
4.15
4.51
4.43
4.48
5.01
5.05
5.02
5.34
6.15
5.79
6.82
6.57
6.84
7.96
7.8
8.64
10.68
9.42
9.96
14.57
12.08
14.94
19.81
24.23
22.09
160.74
93.51
140.07
214.49
190.02
125.37
156.91
89.88
53.55
232.26
296.51
175.28
245.95
69.36
238.33
281.24
213.86
280.86
140.55
76.42
122.81
275.94
2.57
4.43
3.45
16.97
92.69
279.73
59.54
115.37
8.77
5.93
4.31
44.39
3.75
3.8
4.05
3.93
3.88
3.96
4.26
4.28
4.33
4.81
4.6
4.71
5.62
5.81
6.01
5.82
6.08
6.74
7.16
7.71
8.38
9.37
8.3
7.93
11.67
10.87
11.69
14.81
21.47
15.38
100.98
59.62
90.51
264.81
241.16
158.77
192.43
110.71
65.6
283.55
247.63
98.04
298.78
197.39
105.36
171.99
3.89
6.38
5.08
24.59
134.43
85.71
166.56
12.44
8.54
6.24
64.11
