60.99
60.98
55.73
66.81
66.42
66.31
80.35
84.66
84.56
95.44
95.25
89.91
104.55
113.63
106.36
127.73
123.65
121.23
77.4
73.13
73.99
183.17
170.37
176.82
202.86
195.15
189.71
276.03
256.19
232.01
293.95
274.41
155.47
142.65
137.58
19.16
244.22
4.74
2.62
28.51
114.92
255.81
242.61
63.26
58.11
54.3
63.89
62.98
63.41
85.12
78.78
77.97
90.25
96.5
92.86
103.18
103.43
101.77
127.36
118.26
118.76
73.67
70.26
77.69
167.76
163.63
157.58
201.26
183.33
180.97
272.93
250.62
213.94
285.99
277.2
262.17
150.97
148.97
129.2
26.47
6.59
3.71
40.95
156.3
