22.85
24.05
23.28
26.37
26.97
26.07
36.27
35.9
37.65
41.67
43.44
41.4
46.78
52.18
51.7
57.67
63.4
62.69
33.08
34.91
30.86
74.87
80.2
86.18
95.15
98.54
93.57
129.67
116.62
122.9
169.16
160.09
162.43
64.72
69.43
71
285.21
284.86
207.28
220.49
179.57
189.93
250.81
135.73
24.03
212.96
6.03
25.09
32.8
146.51
19.52
16.83
145.18
39.32
173.17
37.29
7.19
92.59
25.19
23.94
24.85
23.67
27.61
28.28
27.41
37.4
37.67
36.93
38.83
40.33
41.46
48.85
48.92
47.31
58.12
61.36
59.29
33.23
32.73
33.87
80.59
78.54
81.18
98.14
94.76
90.41
116.78
113.27
110.78
153.25
143.99
151.07
69.09
70.71
68.39
262.6
281.57
258.76
196.68
208.65
170.78
236.55
170.18
29.88
262.38
8.65
35.61
47.33
214.94
28.68
24.52
195.73
52.23
233.67
49.47
10.5
136.78
35.86
