19.36
20.43
20.23
22.54
22.31
22.6
29.19
31.17
29.09
32.97
31.44
33.21
38.3
41.87
42.98
47.24
48.88
49.11
25.52
25.8
25.37
63.7
59.37
61.49
72.75
67.79
70.36
100.97
88.09
91.42
134.98
125.72
110.81
53.01
53.16
54.96
221.41
223.67
209.25
161.35
153.8
152.68
168.76
153.52
28.58
11.77
19.74
15.49
14.69
125.87
37.26
193
118.48
21.67
22.41
22.33
24.78
24.69
24.37
32.72
30.91
32.72
37.17
35.45
36.41
41.49
41.26
40.87
48.59
46.22
45.98
27.81
27.91
28.15
68.5
64.67
63.35
77.1
73.08
70.8
97.23
87.37
90.89
125.14
127.37
115.25
57.41
59.37
57.37
217
207.9
208.84
160.89
149.24
163.02
212.84
183.78
37.72
17.27
28.73
22.62
20.67
176.51
51.29
254.1
151.27
