24.83
27.82
25.05
32.03
32.53
28.77
38.3
41.39
38.42
46.58
46.49
47.65
57.33
56.63
55.54
64.17
64.98
63.82
33.81
31.39
33.56
90.68
86.95
87.73
117.63
107.96
112.03
141.85
147.61
137.81
186.86
169.78
172.86
73.56
77.86
74.38
216.35
255.86
243.9
70.91
184.13
31.83
140.74
71.82
164.35
38.07
10.61
12.65
16.45
18.65
125.03
138.2
149.9
30.4
207.56
9.57
28
37.5
25.51
27.18
26.8
30.03
30.32
30.51
42.68
43.03
49.02
47.57
48.54
46.48
56.56
55.5
55.41
69.66
68.28
67.78
36.42
33.57
35.21
97.54
92.39
94.16
111.83
111.62
108.82
142.04
142.53
135.44
182.33
168.06
171.03
80.59
80.26
78.24
232.91
258.43
231.79
91.07
231.16
40.23
169.16
84.56
196.6
53.1
14.7
18.3
23.32
26.46
178.23
186.48
196.2
41
232.18
13.63
37.58
49.68
